[122]

flag = 0,0,0,0,0,0,0,0,0,0,123,128,79,175,0,13,24,42,15,280,

box  = 0,0,0,0,0,0,0,0,0,0,0,0,0,0,0,0,125,99,99,99,99,99,99,99,99,99,117,123,101,99,105,100,43,100,54,105,35,99,31,101,78,123,116,117,32,99,28,99,1,99,47,99,84,99,25,99,26,99,123,99,69,99,102,125,50,0,65,0,21,0,128,79,


[122]

flag = 0,0,0,0,0,0,0,0,0,49,123,128,24,202,0,79,13,24,15,280,

box  = 0,0,0,0,0,0,0,0,0,0,0,0,0,0,0,0,125,99,99,99,99,99,99,99,99,99,117,123,101,99,105,100,43,100,54,105,35,99,31,101,78,123,116,117,32,99,28,99,1,99,47,99,84,99,25,99,26,99,123,99,69,99,102,125,50,0,65,0,21,128,24,


[122]

flag = 0,0,0,0,0,0,0,0,0,104,123,128,116,175,1,79,13,24,14,280,

box  = 0,0,0,0,0,0,0,0,0,0,0,0,0,0,0,0,125,99,99,99,99,99,99,99,99,99,117,123,101,99,105,100,43,100,54,105,35,99,31,101,78,123,116,117,32,99,28,99,1,99,47,99,84,99,25,99,26,99,123,99,69,99,102,125,50,0,65,0,128,116,


[122]

flag = 0,0,0,0,0,0,0,0,0,12,123,128,13,202,1,116,79,13,14,280,

box  = 0,0,0,0,0,0,0,0,0,0,0,0,0,0,0,0,125,99,99,99,99,99,99,99,99,99,117,123,101,99,105,100,43,100,54,105,35,99,31,101,78,123,116,117,32,99,28,99,1,99,47,99,84,99,25,99,26,99,123,99,69,99,102,125,50,0,65,128,13,


[122]

flag = 0,0,0,0,0,0,0,0,0,115,123,128,208,175,2,116,79,13,13,280,

box  = 0,0,0,0,0,0,0,0,0,0,0,0,0,0,0,0,125,99,99,99,99,99,99,99,99,99,117,123,101,99,105,100,43,100,54,105,35,99,31,101,78,123,116,117,32,99,28,99,1,99,47,99,84,99,25,99,26,99,123,99,69,99,102,125,50,0,128,208,


[122]

flag = 0,0,0,0,0,0,0,0,80,0,123,128,80,175,2,116,79,13,13,280,

box  = 0,0,0,0,0,0,0,0,0,0,0,0,0,0,0,0,125,99,99,99,99,99,99,99,99,99,117,123,101,99,105,100,43,100,54,105,35,99,31,101,78,123,116,117,32,99,28,99,1,99,47,99,84,99,25,99,26,99,123,99,69,99,102,125,50,0,128,80,


[122]

flag = 0,0,0,0,0,0,0,0,0,48,123,128,79,202,2,80,116,79,13,280,

box  = 0,0,0,0,0,0,0,0,0,0,0,0,0,0,0,0,125,99,99,99,99,99,99,99,99,99,117,123,101,99,105,100,43,100,54,105,35,99,31,101,78,123,116,117,32,99,28,99,1,99,47,99,84,99,25,99,26,99,123,99,69,99,102,125,50,128,79,


[122]

flag = 0,0,0,0,0,0,0,0,0,49,123,128,275,175,3,80,116,79,12,280,

box  = 0,0,0,0,0,0,0,0,0,0,0,0,0,0,0,0,125,99,99,99,99,99,99,99,99,99,117,123,101,99,105,100,43,100,54,105,35,99,31,101,78,123,116,117,32,99,28,99,1,99,47,99,84,99,25,99,26,99,123,99,69,99,102,125,128,275,


[122]

flag = 0,0,0,0,0,0,0,0,147,0,123,128,147,175,3,80,116,79,12,280,

box  = 0,0,0,0,0,0,0,0,0,0,0,0,0,0,0,0,125,99,99,99,99,99,99,99,99,99,117,123,101,99,105,100,43,100,54,105,35,99,31,101,78,123,116,117,32,99,28,99,1,99,47,99,84,99,25,99,26,99,123,99,69,99,102,125,128,147,


[122]

flag = 0,0,0,0,0,0,0,0,19,0,123,128,19,175,3,80,116,79,12,280,

box  = 0,0,0,0,0,0,0,0,0,0,0,0,0,0,0,0,125,99,99,99,99,99,99,99,99,99,117,123,101,99,105,100,43,100,54,105,35,99,31,101,78,123,116,117,32,99,28,99,1,99,47,99,84,99,25,99,26,99,123,99,69,99,102,125,128,19,


[122]

flag = 0,0,0,0,0,0,0,0,0,109,123,128,241,202,3,19,80,116,12,280,

box  = 0,0,0,0,0,0,0,0,0,0,0,0,0,0,0,0,125,99,99,99,99,99,99,99,99,99,117,123,101,99,105,100,43,100,54,105,35,99,31,101,78,123,116,117,32,99,28,99,1,99,47,99,84,99,25,99,26,99,123,99,69,99,102,128,241,


[122]

flag = 0,0,0,0,0,0,0,0,113,0,123,128,113,202,3,19,80,116,12,280,

box  = 0,0,0,0,0,0,0,0,0,0,0,0,0,0,0,0,125,99,99,99,99,99,99,99,99,99,117,123,101,99,105,100,43,100,54,105,35,99,31,101,78,123,116,117,32,99,28,99,1,99,47,99,84,99,25,99,26,99,123,99,69,99,102,128,113,


[122]

flag = 0,0,0,0,0,0,0,0,0,15,123,128,215,175,4,19,80,116,11,280,

box  = 0,0,0,0,0,0,0,0,0,0,0,0,0,0,0,0,125,99,99,99,99,99,99,99,99,99,117,123,101,99,105,100,43,100,54,105,35,99,31,101,78,123,116,117,32,99,28,99,1,99,47,99,84,99,25,99,26,99,123,99,69,99,128,215,


[122]

flag = 0,0,0,0,0,0,0,0,87,0,123,128,87,175,4,19,80,116,11,280,

box  = 0,0,0,0,0,0,0,0,0,0,0,0,0,0,0,0,125,99,99,99,99,99,99,99,99,99,117,123,101,99,105,100,43,100,54,105,35,99,31,101,78,123,116,117,32,99,28,99,1,99,47,99,84,99,25,99,26,99,123,99,69,99,128,87,


[122]

flag = 0,0,0,0,0,0,0,0,0,41,123,128,179,202,4,87,19,80,11,280,

box  = 0,0,0,0,0,0,0,0,0,0,0,0,0,0,0,0,125,99,99,99,99,99,99,99,99,99,117,123,101,99,105,100,43,100,54,105,35,99,31,101,78,123,116,117,32,99,28,99,1,99,47,99,84,99,25,99,26,99,123,99,69,128,179,


[122]

flag = 0,0,0,0,0,0,0,0,51,0,123,128,51,202,4,87,19,80,11,280,

box  = 0,0,0,0,0,0,0,0,0,0,0,0,0,0,0,0,125,99,99,99,99,99,99,99,99,99,117,123,101,99,105,100,43,100,54,105,35,99,31,101,78,123,116,117,32,99,28,99,1,99,47,99,84,99,25,99,26,99,123,99,69,128,51,


[122]

flag = 0,0,0,0,0,0,0,0,0,77,123,128,186,175,5,87,19,80,10,280,

box  = 0,0,0,0,0,0,0,0,0,0,0,0,0,0,0,0,125,99,99,99,99,99,99,99,99,99,117,123,101,99,105,100,43,100,54,105,35,99,31,101,78,123,116,117,32,99,28,99,1,99,47,99,84,99,25,99,26,99,123,99,128,186,


[122]

flag = 0,0,0,0,0,0,0,0,58,0,123,128,58,175,5,87,19,80,10,280,

box  = 0,0,0,0,0,0,0,0,0,0,0,0,0,0,0,0,125,99,99,99,99,99,99,99,99,99,117,123,101,99,105,100,43,100,54,105,35,99,31,101,78,123,116,117,32,99,28,99,1,99,47,99,84,99,25,99,26,99,123,99,128,58,


[122]

flag = 0,0,0,0,0,0,0,0,0,70,123,128,118,202,5,58,87,19,10,280,

box  = 0,0,0,0,0,0,0,0,0,0,0,0,0,0,0,0,125,99,99,99,99,99,99,99,99,99,117,123,101,99,105,100,43,100,54,105,35,99,31,101,78,123,116,117,32,99,28,99,1,99,47,99,84,99,25,99,26,99,123,128,118,


[122]

flag = 0,0,0,0,0,0,0,0,0,10,123,128,164,175,6,58,87,19,9,280,

box  = 0,0,0,0,0,0,0,0,0,0,0,0,0,0,0,0,125,99,99,99,99,99,99,99,99,99,117,123,101,99,105,100,43,100,54,105,35,99,31,101,78,123,116,117,32,99,28,99,1,99,47,99,84,99,25,99,26,99,128,164,


[122]

flag = 0,0,0,0,0,0,0,0,36,0,123,128,36,175,6,58,87,19,9,280,

box  = 0,0,0,0,0,0,0,0,0,0,0,0,0,0,0,0,125,99,99,99,99,99,99,99,99,99,117,123,101,99,105,100,43,100,54,105,35,99,31,101,78,123,116,117,32,99,28,99,1,99,47,99,84,99,25,99,26,99,128,36,


[122]

flag = 0,0,0,0,0,0,0,0,0,92,123,128,186,202,6,36,58,87,9,280,

box  = 0,0,0,0,0,0,0,0,0,0,0,0,0,0,0,0,125,99,99,99,99,99,99,99,99,99,117,123,101,99,105,100,43,100,54,105,35,99,31,101,78,123,116,117,32,99,28,99,1,99,47,99,84,99,25,99,26,128,186,


[122]

flag = 0,0,0,0,0,0,0,0,58,0,123,128,58,202,6,36,58,87,9,280,

box  = 0,0,0,0,0,0,0,0,0,0,0,0,0,0,0,0,125,99,99,99,99,99,99,99,99,99,117,123,101,99,105,100,43,100,54,105,35,99,31,101,78,123,116,117,32,99,28,99,1,99,47,99,84,99,25,99,26,128,58,


[122]

flag = 0,0,0,0,0,0,0,0,0,70,123,128,181,175,7,36,58,87,8,280,

box  = 0,0,0,0,0,0,0,0,0,0,0,0,0,0,0,0,125,99,99,99,99,99,99,99,99,99,117,123,101,99,105,100,43,100,54,105,35,99,31,101,78,123,116,117,32,99,28,99,1,99,47,99,84,99,25,99,128,181,


[122]

flag = 0,0,0,0,0,0,0,0,53,0,123,128,53,175,7,36,58,87,8,280,

box  = 0,0,0,0,0,0,0,0,0,0,0,0,0,0,0,0,125,99,99,99,99,99,99,99,99,99,117,123,101,99,105,100,43,100,54,105,35,99,31,101,78,123,116,117,32,99,28,99,1,99,47,99,84,99,25,99,128,53,


[122]

flag = 0,0,0,0,0,0,0,0,0,75,123,128,157,202,7,53,36,58,8,280,

box  = 0,0,0,0,0,0,0,0,0,0,0,0,0,0,0,0,125,99,99,99,99,99,99,99,99,99,117,123,101,99,105,100,43,100,54,105,35,99,31,101,78,123,116,117,32,99,28,99,1,99,47,99,84,99,25,128,157,


[122]

flag = 0,0,0,0,0,0,0,0,29,0,123,128,29,202,7,53,36,58,8,280,

box  = 0,0,0,0,0,0,0,0,0,0,0,0,0,0,0,0,125,99,99,99,99,99,99,99,99,99,117,123,101,99,105,100,43,100,54,105,35,99,31,101,78,123,116,117,32,99,28,99,1,99,47,99,84,99,25,128,29,


[122]

flag = 0,0,0,0,0,0,0,0,0,99,123,128,147,175,8,53,36,58,7,280,

box  = 0,0,0,0,0,0,0,0,0,0,0,0,0,0,0,0,125,99,99,99,99,99,99,99,99,99,117,123,101,99,105,100,43,100,54,105,35,99,31,101,78,123,116,117,32,99,28,99,1,99,47,99,84,99,128,147,


[122]

flag = 0,0,0,0,0,0,0,0,19,0,123,128,19,175,8,53,36,58,7,280,

box  = 0,0,0,0,0,0,0,0,0,0,0,0,0,0,0,0,125,99,99,99,99,99,99,99,99,99,117,123,101,99,105,100,43,100,54,105,35,99,31,101,78,123,116,117,32,99,28,99,1,99,47,99,84,99,128,19,


[122]

flag = 0,0,0,0,0,0,0,0,0,109,123,128,135,202,8,19,53,36,7,280,

box  = 0,0,0,0,0,0,0,0,0,0,0,0,0,0,0,0,125,99,99,99,99,99,99,99,99,99,117,123,101,99,105,100,43,100,54,105,35,99,31,101,78,123,116,117,32,99,28,99,1,99,47,99,84,128,135,


[122]

flag = 0,0,0,0,0,0,0,0,7,0,123,128,7,202,8,19,53,36,7,280,

box  = 0,0,0,0,0,0,0,0,0,0,0,0,0,0,0,0,125,99,99,99,99,99,99,99,99,99,117,123,101,99,105,100,43,100,54,105,35,99,31,101,78,123,116,117,32,99,28,99,1,99,47,99,84,128,7,


[122]

flag = 0,0,0,0,0,0,0,0,0,121,123,128,108,175,9,19,53,36,6,280,

box  = 0,0,0,0,0,0,0,0,0,0,0,0,0,0,0,0,125,99,99,99,99,99,99,99,99,99,117,123,101,99,105,100,43,100,54,105,35,99,31,101,78,123,116,117,32,99,28,99,1,99,47,99,128,108,


[122]

flag = 0,0,0,0,0,0,0,0,0,20,123,128,152,202,9,108,19,53,6,280,

box  = 0,0,0,0,0,0,0,0,0,0,0,0,0,0,0,0,125,99,99,99,99,99,99,99,99,99,117,123,101,99,105,100,43,100,54,105,35,99,31,101,78,123,116,117,32,99,28,99,1,99,47,128,152,


[122]

flag = 0,0,0,0,0,0,0,0,24,0,123,128,24,202,9,108,19,53,6,280,

box  = 0,0,0,0,0,0,0,0,0,0,0,0,0,0,0,0,125,99,99,99,99,99,99,99,99,99,117,123,101,99,105,100,43,100,54,105,35,99,31,101,78,123,116,117,32,99,28,99,1,99,47,128,24,


[122]

flag = 0,0,0,0,0,0,0,0,0,104,123,128,180,175,10,108,19,53,5,280,

box  = 0,0,0,0,0,0,0,0,0,0,0,0,0,0,0,0,125,99,99,99,99,99,99,99,99,99,117,123,101,99,105,100,43,100,54,105,35,99,31,101,78,123,116,117,32,99,28,99,1,99,128,180,


[122]

flag = 0,0,0,0,0,0,0,0,52,0,123,128,52,175,10,108,19,53,5,280,

box  = 0,0,0,0,0,0,0,0,0,0,0,0,0,0,0,0,125,99,99,99,99,99,99,99,99,99,117,123,101,99,105,100,43,100,54,105,35,99,31,101,78,123,116,117,32,99,28,99,1,99,128,52,


[122]

flag = 0,0,0,0,0,0,0,0,0,76,123,128,118,202,10,52,108,19,5,280,

box  = 0,0,0,0,0,0,0,0,0,0,0,0,0,0,0,0,125,99,99,99,99,99,99,99,99,99,117,123,101,99,105,100,43,100,54,105,35,99,31,101,78,123,116,117,32,99,28,99,1,128,118,


[122]

flag = 0,0,0,0,0,0,0,0,0,10,123,128,179,175,11,52,108,19,4,280,

box  = 0,0,0,0,0,0,0,0,0,0,0,0,0,0,0,0,125,99,99,99,99,99,99,99,99,99,117,123,101,99,105,100,43,100,54,105,35,99,31,101,78,123,116,117,32,99,28,99,128,179,


[122]

flag = 0,0,0,0,0,0,0,0,51,0,123,128,51,175,11,52,108,19,4,280,

box  = 0,0,0,0,0,0,0,0,0,0,0,0,0,0,0,0,125,99,99,99,99,99,99,99,99,99,117,123,101,99,105,100,43,100,54,105,35,99,31,101,78,123,116,117,32,99,28,99,128,51,


[122]

flag = 0,0,0,0,0,0,0,0,0,77,123,128,207,202,11,51,52,108,4,280,

box  = 0,0,0,0,0,0,0,0,0,0,0,0,0,0,0,0,125,99,99,99,99,99,99,99,99,99,117,123,101,99,105,100,43,100,54,105,35,99,31,101,78,123,116,117,32,99,28,128,207,


[122]

flag = 0,0,0,0,0,0,0,0,79,0,123,128,79,202,11,51,52,108,4,280,

box  = 0,0,0,0,0,0,0,0,0,0,0,0,0,0,0,0,125,99,99,99,99,99,99,99,99,99,117,123,101,99,105,100,43,100,54,105,35,99,31,101,78,123,116,117,32,99,28,128,79,


[122]

flag = 0,0,0,0,0,0,0,0,0,49,123,128,211,175,12,51,52,108,3,280,

box  = 0,0,0,0,0,0,0,0,0,0,0,0,0,0,0,0,125,99,99,99,99,99,99,99,99,99,117,123,101,99,105,100,43,100,54,105,35,99,31,101,78,123,116,117,32,99,128,211,


[122]

flag = 0,0,0,0,0,0,0,0,83,0,123,128,83,175,12,51,52,108,3,280,

box  = 0,0,0,0,0,0,0,0,0,0,0,0,0,0,0,0,125,99,99,99,99,99,99,99,99,99,117,123,101,99,105,100,43,100,54,105,35,99,31,101,78,123,116,117,32,99,128,83,


[122]

flag = 0,0,0,0,0,0,0,0,0,45,123,128,151,202,12,83,51,52,3,280,

box  = 0,0,0,0,0,0,0,0,0,0,0,0,0,0,0,0,125,99,99,99,99,99,99,99,99,99,117,123,101,99,105,100,43,100,54,105,35,99,31,101,78,123,116,117,32,128,151,


[122]

flag = 0,0,0,0,0,0,0,0,23,0,123,128,23,202,12,83,51,52,3,280,

box  = 0,0,0,0,0,0,0,0,0,0,0,0,0,0,0,0,125,99,99,99,99,99,99,99,99,99,117,123,101,99,105,100,43,100,54,105,35,99,31,101,78,123,116,117,32,128,23,


[122]

flag = 0,0,0,0,0,0,0,0,0,105,123,128,186,175,13,83,51,52,2,280,

box  = 0,0,0,0,0,0,0,0,0,0,0,0,0,0,0,0,125,99,99,99,99,99,99,99,99,99,117,123,101,99,105,100,43,100,54,105,35,99,31,101,78,123,116,117,128,186,


[122]

flag = 0,0,0,0,0,0,0,0,58,0,123,128,58,175,13,83,51,52,2,280,

box  = 0,0,0,0,0,0,0,0,0,0,0,0,0,0,0,0,125,99,99,99,99,99,99,99,99,99,117,123,101,99,105,100,43,100,54,105,35,99,31,101,78,123,116,117,128,58,


[122]

flag = 0,0,0,0,0,0,0,0,0,70,123,128,168,202,13,58,83,51,2,280,

box  = 0,0,0,0,0,0,0,0,0,0,0,0,0,0,0,0,125,99,99,99,99,99,99,99,99,99,117,123,101,99,105,100,43,100,54,105,35,99,31,101,78,123,116,128,168,


[122]

flag = 0,0,0,0,0,0,0,0,40,0,123,128,40,202,13,58,83,51,2,280,

box  = 0,0,0,0,0,0,0,0,0,0,0,0,0,0,0,0,125,99,99,99,99,99,99,99,99,99,117,123,101,99,105,100,43,100,54,105,35,99,31,101,78,123,116,128,40,


[122]

flag = 0,0,0,0,0,0,0,0,0,88,123,128,192,175,14,58,83,51,1,280,

box  = 0,0,0,0,0,0,0,0,0,0,0,0,0,0,0,0,125,99,99,99,99,99,99,99,99,99,117,123,101,99,105,100,43,100,54,105,35,99,31,101,78,123,128,192,


[122]

flag = 0,0,0,0,0,0,0,0,64,0,123,128,64,175,14,58,83,51,1,280,

box  = 0,0,0,0,0,0,0,0,0,0,0,0,0,0,0,0,125,99,99,99,99,99,99,99,99,99,117,123,101,99,105,100,43,100,54,105,35,99,31,101,78,123,128,64,


[122]

flag = 0,0,0,0,0,0,0,0,0,64,123,128,206,202,14,64,58,83,1,280,

box  = 0,0,0,0,0,0,0,0,0,0,0,0,0,0,0,0,125,99,99,99,99,99,99,99,99,99,117,123,101,99,105,100,43,100,54,105,35,99,31,101,78,128,206,


[122]

flag = 0,0,0,0,0,0,0,0,78,0,123,128,78,202,14,64,58,83,1,280,

box  = 0,0,0,0,0,0,0,0,0,0,0,0,0,0,0,0,125,99,99,99,99,99,99,99,99,99,117,123,101,99,105,100,43,100,54,105,35,99,31,101,78,128,78,


No sice for you :(